0000000000000000
0000100000000000
0001000100100000
0000011111110000
0001010000110000
0000110010010000
0100101110000000
1111111111111111
0100000000010100
0100010010100110
0100110000010110
0101001111111110
0001101000000000
0101010010101010
0110011001000000
0000000000000101
0101100110111100
0110000010010000
0000000000010110
0101110001001010
0110101011010000
0000000000000111
1000000000010000
1000011110000000
1000101000000000
0000000000000111
1001100000000000
1000110000001111
1111111111111111
1001000000010000
0000111111111111
1001000000010000
0000111111111111
1001010000010000
1100000000110000
1101000000000000
1100010000010000
1100100001010000
1100110000000000